87857392847239 4
98623894738274 2
9348752093847592 6
8273958723498572 8
9847398572398473 1
7398572938475938 10
2837498572349857 3
9485739284759283 5
5938472938572938 7
8472938572398572 9
3749857234985723 4
9238475982374928 2
8472938572938472 6
9847293847592837 8
2938572938475938 1
9485739284759384 10
8572938472398473 3
9384750293847592 5
8572938473928572 7
9485739284723958 9
9348752938475938 4
2938475982347592 2
8472938572398475 6
9847293847592837 8
2938572398475938 1
9485739284759384 10
8572398472938472 3
9384750938475293 5
8472938572938475 7
9485739284723958 9
9348752938475938 4
2938475982374928 2
8472938572398572 6
9847293847592837 8
2938572938475938 1
9485739284759384 10
8572938472938472 3
9384750293847592 5
8572938473928572 7
9485739284723958 9
9348752093847592 4
2938475982374928 2
8472938572398572 6
9847293847592837 8
2938572398475938 1
9485739284759384 10
8572398472938472 3
9384750938475293 5
8472938572938472 7
9485739284723958 9
9348752938475938 4
2938475982374928 2
8472938572398572 6
9847293847592837 8
2938572398475938 1
9485739284759384 10
8572398472938472 3
9384750938475293 5
8472938572938475 7
9485739284723958 9
9348752938475938 4
2938475982374928 2
8472938572398572 6
9847293847592837 8
2938572398475938 1
9485739284759384 10
8572398472938472 3
9384750938475293 5
8472938572938475 7
9485739284723958 9
9348752093847592 4
2938475982374928 2
8472938572398572 6
9847293847592837 8
2938572398475938 1
9485739284759384 10
8572398472938472 3
9384750938475293 5
8472938572938472 7
9485739284723958 9
9348752938475938 4
2938475982374928 2
8472938572398572 6
9847293847592837 8
2938572398475938 1
9485739284759384 10
8572398472938472 3
9384750938475293 5
8472938572938475 7
9485739284723958 9
9348752093847592 4
2938475982374928 2
8472938572398572 6
9847293847592837 8
2938572398475938 1
9485739284759384 10